Latent Dimensions

Z1	Gender (index = 2)

Topic\Dim	1			2	
1			456.6877	203.6788	
2			277.7146	587.9269		
3			1492		1361.6	
4			366.8361	69.1930	
5			822.0103	632.1651

Z2 Month (index = 12)

Topic\Dim	1			2		3			4		5			6		7			8		9			10		11			12				
1			0.3771    0.1335    0.7587    1.5527    0.0460    0.0077    0.3305    1.0774    0.0848    0.3162    0.6267    0.0025
2			0.8706    0.5796    0.3935    0.3617    0.6124    0.6360    0.6571    0.6449    0.7942    0.6301    0.5959    0.4780
3			0.5308    0.7966    0.7510    0.7735    0.6154    0.8021    0.6163    0.4521    0.6338    0.8397    0.6483    0.5746
4			0.9370    0.1861    0.4845    0.1786    0.3606    0.3626    0.3315    0.6967    0.5394    0.3274    0.3018    0.8680
5			0.7014    0.6781    0.7535    0.5634    0.6633    0.6255    0.6447    0.7928    0.5633    0.7895    0.6730    0.6335

Z3	Day of Week (index = 7)
	
Topic\Dim	1		2		3		4		5		6		7
1			0.4472	0.9356	0.0201	0.0124	0.3947	1.1140	0.4673
2			0.3452	0.4775	0.6356	0.5148	0.5151	0.5920	0.4841
3			0.3544	0.4501	0.4533	0.3830	0.5250	0.3918	0.4294
4			0.2143	0.4136	0.6124	0.6629	0.3511	0.4694	0.1634
5			0.7210	0.7251	0.7309	0.7694	0.8152	0.8131	0.7572
	
Z4	NON GIM ER consult (index = 2)

Topic\Dim	1		2
1			0.5778	0.5041
2			0.6393	0.2039
3			0.8215	0.1596
4			0.4259	0.7589
5			0.6367	0.2166

Z5 Waittime to admit (index = 59)

Dim\Topic	1						2					3						4							5
		1	1.65459767359761e-15	0.200378199651961	2.29211130240678e-14	1.04103778332754e-06	1.28459698265148
		2	0.000467026407920715	0.936979602921061	0.644332522670222		0.471391486933765		2.29284952064538
		3	0.00134239380253793		1.09981491163569	2.07627057199563		0.147988969914089		2.52612370620804
		4	0.193233763653681		2.27367818454115	2.98226705322517		0.975649013281062		3.33416652613459
		5	1.96195205151530		3.11699075890903	2.92816704918019		1.36853910890728		3.48884972268467
		6	1.11882884418389		2.10588183651525	5.12231829991967		2.48440185586519		4.31435979857046
		7	3.37422630208886		3.44557259489276	3.71858659583543		0.870836874283614		3.62748000921148
		8	1.53025358416464		2.50516992140072	4.28680770973965		2.08819454805109		3.40884258122578
		9	0.0307835796739697		2.18289934660956	3.63679697455257		2.08718093029922		2.28525684736640
		10	6.94098816524687		2.22807038824577	1.84713882254160		0.764708173899017		1.46504171804595
		11	1.42939645737097		2.29166975292688	1.33538767177453		1.91204055840600		1.15615270288388
		12	0.0495121862779440		2.50245114001219	0.923196262372265		1.81661166712170		0.604529819649090
		13	0.0554541540988531		0.909628734801889	1.35431214791637		1.13698386237787		0.853917616640572
		14	7.66552916605072e-06	0.517394532452916	0.747182165382804		1.29607190511801		0.401499887050252
		15	0.000481758351114175	0.833749844869078	0.338700212143138		0.487504941188710		0.324513596528863
		16	0.0137589302112716		0.539332340629052	0.238520281062489		0.104366686576233		0.247629067921992
		17	0.00190143939051818		0.127034894644350	0.351206534772288		0.277472182698461		0.180629214715387
		18	0.000926307712063401	0.234033432431051	0.0476193963399795		0.301965346678084		0.0269453742837969
		19	4.23393523904428e-05	0.0479999777513586	0.107525860011516		0.568247990674401		0.0452002613320308
		20	1.18918591178214e-05	0.0112053553726794	0.121745115644152		0.827332358707753		0.0138932641636460
		21	0.487743934410001		0.0898845786830223	0.00327478032729075		0.0369813318396874		0.0502850017540058
		22	0.726525683514630		0.0536389391838458	0.00106522927016923		0.124476138141008		6.34126708347320e-05
		23	8.05450540798899e-05	0.167748006431530	6.18985157455527e-05	0.000522377089290470	0.0235674455276928
		24	0.00109019801644124		0.0196323096726669	0.0267589553285683		0.0450483793877874		0.0159295222435067
		25	0.000233849453610441	0.0236778705562165	4.52216752784802e-12	3.85283406820707e-07	0.00257270980427438
		26	0.198455898292374		0.00803606966069963	6.02686675333479e-16	0.182096797404649		0.0173423166878870
		27	0.00175455776021024		0.00759843272643988	0.00314697904810479		0.00252190280774714		0.0140714066945606
		28	0.0648144073879379		0.0131869724488762	6.84577220801535e-11	7.65699801507042e-06	0.000571138388869830
		29	0.0110438708273368		0.00930213505894142	2.30182280394500e-13	0.0993544196779294		0.0123171425990050
		30	0.000314452347837697	0.000509631033758672	2.64418107497589e-10	0.0922426060998379	0.000357475138076276
		31	0.153901319775507		0.00231493439960939	1.81845862334906e-10	0.0159865709160535		0.000380984652856637
		32	0.00547413393906569		0.00495204193026036	6.79367076056137e-08	0.000489620785845715	0.000243103466947176
		33	0.00342701849877050		0.00144226343891984	2.65708315583247e-07	0.0351631186569247		0.0212047317844780
		34	7.24234009040305e-05	0.0299738183774083	1.32417512020055e-07	0.00514178139785902		0.000108428752081607
		35	0.00655866605452525		0.00254775739270239	5.23548515038086e-06	0.00108235163276637		0.0413676438696493
		36	0.00547740292065448		0.00494579804994750	8.89690551049459e-08	0.000497385922941685	0.000244373462351846
		37	0.00546750705338259		0.00495652225550554	4.59054920271241e-08	0.000486193018600357	0.000241760072271256
		38	0.00547457216305526		0.00495056322863282	4.88742893723401e-08	0.000491883040938520	0.000243287700063876
		39	0.00547729622010495		0.00495046229664013	5.74248861375475e-08	0.000490750424350786	0.000243544575218891
		40	0.00548459045262638		0.00494471902909506	6.02642140796882e-08	0.000496269647878906	0.000244959272906021
		41	0.00547587303289833		0.00495297541474113	5.78686493512436e-08	0.000487617845188422	0.000243040022514356
		42	0.00547948366127287		0.00494840846151630	6.72903301016574e-08	0.000492812647702894	0.000244048783268987
		43	0.00547789058840082		0.00494888691441570	6.82047474875358e-08	0.000492736445003489	0.000243871986907132
		44	0.00547769584845339		0.00494968480921357	4.17541160505872e-08	0.000491853610437918	0.000243663045255110
		45	0.00547837686220654		0.00494939810806414	6.02667044051143e-08	0.000491836109895558	0.000243805526300696
		46	0.00548137632897652		0.00494985629852755	7.08520763228491e-08	0.000489783968920992	0.000243980783206480
		47	0.00547938667792673		0.00494889531442006	6.30392646605089e-08	0.000492121589535973	0.000243970103480727
		48	0.00547400427154377		0.00495022343641050	6.61670286652672e-08	0.000492359510145831	0.000243393117159195
		49	0.00549108125143009		0.00493553294468120	8.43004472544165e-08	0.000507442715722828	0.000246776198571939
		50	0.00548573744657432		0.00494742158361342	8.41055103898576e-08	0.000491488200956592	0.000244701949164900
		51	0.00548580903870752		0.00495627366500393	8.79191582780380e-08	0.000477933012945601	0.000243432143696840
		52	0.00547914092871803		0.00494964743831063	5.94797767415246e-08	0.000491135105363359	0.000243824036633039
		53	0.00547333283753931		0.00495287005219557	3.99690103232720e-08	0.000489042852558017	0.000242811078365707
		54	0.00546604497706169		0.00494929884006050	9.73635689702748e-08	0.000496418581652896	0.000243209429085150
		55	0.00549556279100387		0.00496307428249506	1.14274936416468e-07	0.000462850428335609	0.000243357768126957
		56	0.00548255894518786		0.00494519081999221	7.35663521033558e-08	0.000496348908849053	0.000244759103201579
		57	0.00547631779532128		0.00494975928736751	6.60774745058458e-08	0.000492118984921079	0.000243615401993727
		58	0.00547241034267440		0.00495179697024562	5.51794405177128e-08	0.000490831389606564	0.000242981682920501
		59	1.32166063694362e-06	0.00753635654808060	0.0591268288221111		5.86091820236916e-07	3.26904692335934e-10
		
Z6 CT Head count (index = 2)

Topic\Dim	1			2
1			0.0504    0.0548
2			0.3273    0.1573
3			0.4826    0.3214
4			0.7714    0.2171
5			0.5439    0.2727

Z7 POR Chest count (index = 2)

Topic\Dim	1			2
1			0.4426    0.0076
2			0.6173    0.0372
3			0.9940    0.0000
4			0.8984    0.0182
5			0.5756    0.4395

Z8 RAD Chest count (index = 2)

Topic\Dim	1			2
1			0.0057    0.7717
2			1.0957    0.5409
3			0.0228    0.5318
4			0.2786    0.4301
5			0.4949    0.0101

Z9 RAD Lower EXT count (index = 2)

Topic\Dim	1			2
1			0.6443    0.3093
2			0.9064    0.1614
3			0.6551    0.0203
4			0.9951    0.1247
5			0.9087    0.0059

Z10 RAD Pelvis Hip Count (index = 2)

Topic\Dim	1			2
1			3.8952    0.8114
2			1.3497    0.2712
3			0.7258    0.0614
4			1.3836    0.1211
5			1.1543    0.0084